32
0 0.000000 0.000000
1 -0.009152 0.018195
2 0.081531 0.017724
3 0.218996 0.025241
4 0.079849 0.013669
5 -0.093275 0.016154
6 0.086719 0.015497
7 0.050926 0.016893
8 -0.018040 0.017486
9 -0.122507 0.027483
10 -0.057021 0.024578
11 -0.005321 0.030659
12 -0.060427 0.013307
13 -0.739586 0.014962
14 -0.016689 0.014862
15 -0.203105 0.016200
16 0.000000 0.000000
17 0.048577 0.016055
18 -0.069885 0.016810
19 0.023671 0.027968
20 0.222613 0.010682
21 -0.133078 0.012241
22 -0.094929 0.013503
23 -0.199220 0.017019
24 0.137750 0.015894
25 0.001616 0.026245
26 0.001654 0.030022
27 -0.203268 0.046825
28 -0.124147 0.010918
29 -0.132906 0.012332
30 -0.288328 0.013726
31 -0.313210 0.016816
