32
0 0.000000 0.000000
1 -0.045178 0.021120
2 0.114634 0.019314
3 0.198172 0.027332
4 0.071017 0.016119
5 -0.113346 0.019167
6 0.081422 0.018268
7 0.030612 0.019934
8 -0.005607 0.020271
9 -0.113496 0.032274
10 -0.046521 0.028283
11 -0.032526 0.035896
12 -0.082525 0.015607
13 -0.765641 0.017478
14 -0.051380 0.017355
15 -0.229665 0.018906
16 0.000000 0.000000
17 0.022158 0.017555
18 -0.085691 0.019150
19 -0.068836 0.031405
20 0.202495 0.011749
21 -0.423071 0.013754
22 -0.099080 0.015353
23 -0.231200 0.019826
24 0.089620 0.018473
25 -0.079765 0.030160
26 0.039386 0.036144
27 -0.230861 0.058061
28 -0.142427 0.011934
29 -0.154201 0.013524
30 -0.321245 0.015653
31 -0.338652 0.019827
