32
0 0.000000 0.000000
1 -0.086633 0.026966
2 -0.012074 0.026383
3 0.116686 0.037522
4 -0.007539 0.020416
5 -0.199491 0.024188
6 0.002299 0.023068
7 -0.059937 0.025028
8 -0.094390 0.025289
9 -0.174257 0.039143
10 -0.130698 0.034910
11 -0.084889 0.044337
12 -0.140590 0.019740
13 -0.854728 0.022045
14 -0.112618 0.021896
15 -0.293830 0.023772
16 0.000000 0.000000
17 0.009592 0.023487
18 -0.100288 0.024298
19 -0.059237 0.039651
20 0.185015 0.015189
21 -0.332184 0.017405
22 -0.105411 0.019530
23 -0.248371 0.024917
24 0.127910 0.022241
25 -0.009911 0.035694
26 -0.029382 0.041805
27 -0.244404 0.066217
28 -0.172712 0.015499
29 -0.170962 0.017458
30 -0.323956 0.019583
31 -0.344475 0.024224
