32
0 0.000000 0.000000
1 0.017094 0.028572
2 0.036821 0.026366
3 0.155361 0.038391
4 0.053078 0.020961
5 -0.132090 0.025402
6 0.081341 0.023984
7 0.021744 0.026281
8 -0.006216 0.026878
9 -0.119683 0.042038
10 -0.062765 0.037657
11 -0.041225 0.047943
12 -0.073930 0.020265
13 -0.802716 0.022848
14 -0.053134 0.022783
15 -0.243690 0.024914
16 0.000000 0.000000
17 0.078578 0.026349
18 -0.095967 0.027108
19 0.041716 0.045584
20 0.238158 0.016355
21 -0.208375 0.018999
22 -0.052778 0.021178
23 -0.191731 0.027198
24 0.132547 0.024763
25 -0.002719 0.041782
26 0.106363 0.052056
27 -0.234540 0.080265
28 -0.110125 0.016631
29 -0.107461 0.018729
30 -0.299893 0.021540
31 -0.315624 0.027087
