32
0 0.000000 0.000000
1 -0.015145 0.015296
2 0.049648 0.015378
3 0.180349 0.021524
4 0.056970 0.011929
5 -0.121067 0.013893
6 0.065050 0.013397
7 0.007286 0.014538
8 -0.047339 0.014627
9 -0.138600 0.022535
10 -0.085093 0.019993
11 -0.062068 0.025709
12 -0.083127 0.011648
13 -0.772756 0.012978
14 -0.046923 0.012919
15 -0.245503 0.014015
16 0.000000 0.000000
17 -0.004412 0.014193
18 -0.113164 0.014583
19 -0.084546 0.023391
20 0.207960 0.009332
21 -0.020473 0.010549
22 -0.104803 0.011544
23 -0.236649 0.014385
24 0.131770 0.013675
25 -0.046425 0.022398
26 0.021549 0.024425
27 -0.281560 0.037373
28 -0.143664 0.009506
29 -0.149269 0.010640
30 -0.307141 0.011802
31 -0.336147 0.014340
