32
0 0.000000 0.000000
1 -0.041069 0.032458
2 0.044633 0.029052
3 0.148123 0.040789
4 0.072342 0.023631
5 -0.126175 0.027252
6 0.063238 0.026343
7 0.009933 0.028463
8 -0.036463 0.029621
9 -0.075932 0.042584
10 -0.093364 0.040450
11 -0.008651 0.050502
12 -0.088138 0.023106
13 -0.808086 0.025468
14 -0.037391 0.025354
15 -0.226371 0.027288
16 0.000000 0.000000
17 -0.049197 0.026032
18 -0.062984 0.027060
19 -0.094012 0.043740
20 0.181101 0.017623
21 -0.572937 0.020812
22 -0.142656 0.021866
23 -0.275910 0.027326
24 0.080756 0.026109
25 -0.023794 0.039838
26 0.046340 0.048111
27 -0.328305 0.074987
28 -0.166994 0.017900
29 -0.182114 0.019926
30 -0.344413 0.022204
31 -0.379281 0.027011
