32
0 0.000000 0.000000
1 -0.038497 0.022166
2 0.024167 0.021169
3 0.166690 0.030161
4 0.028230 0.016682
5 -0.139057 0.020430
6 0.047733 0.019244
7 0.005782 0.021113
8 -0.058564 0.020825
9 -0.198730 0.032819
10 -0.103084 0.029136
11 -0.088676 0.037313
12 -0.111916 0.015996
13 -0.823127 0.018215
14 -0.070404 0.018090
15 -0.246896 0.019883
16 0.000000 0.000000
17 -0.001548 0.019268
18 -0.073710 0.021658
19 -0.073622 0.035460
20 0.193863 0.013246
21 -0.226419 0.015409
22 -0.116011 0.017248
23 -0.214341 0.022475
24 0.085575 0.020073
25 -0.038945 0.034569
26 0.004158 0.038606
27 -0.354728 0.057442
28 -0.152112 0.013478
29 -0.163708 0.015185
30 -0.331863 0.017549
31 -0.341206 0.022076
