32
0 0.000000 0.000000
1 -0.033854 0.021286
2 0.042674 0.021002
3 0.149360 0.030004
4 0.054348 0.017464
5 -0.151118 0.022520
6 0.053676 0.020897
7 0.001094 0.023482
8 -0.069835 0.020153
9 -0.195346 0.030780
10 -0.102785 0.027977
11 -0.038595 0.036322
12 -0.082751 0.016568
13 -1.131341 0.019310
14 -0.081541 0.019484
15 -0.233130 0.021882
16 0.000000 0.000000
17 0.032671 0.018044
18 -0.082369 0.020275
19 0.032486 0.033877
20 0.228395 0.012679
21 -0.319231 0.015711
22 -0.083921 0.019213
23 -0.234574 0.026327
24 0.109108 0.018573
25 -0.042719 0.029938
26 -0.049280 0.037653
27 -0.279131 0.057470
28 -0.128239 0.013108
29 -0.129168 0.015722
30 -0.313377 0.019621
31 -0.304479 0.026059
