32
0 0.000000 0.000000
1 -0.002950 0.028966
2 0.042972 0.030151
3 0.161361 0.043784
4 0.019411 0.024883
5 -0.147756 0.031965
6 0.055155 0.029875
7 -0.008246 0.033717
8 -0.071842 0.029298
9 -0.218326 0.047022
10 -0.132131 0.040571
11 -0.130789 0.053363
12 -0.073185 0.023525
13 -1.130632 0.027364
14 -0.065612 0.027604
15 -0.271219 0.031042
16 0.000000 0.000000
17 -0.000109 0.025380
18 -0.116516 0.029554
19 -0.071281 0.051682
20 0.200409 0.018423
21 -0.257369 0.022967
22 -0.074128 0.027742
23 -0.238178 0.039232
24 0.115279 0.028761
25 -0.065759 0.048520
26 -0.115210 0.053668
27 -0.059127 0.080301
28 -0.161078 0.019151
29 -0.142187 0.022803
30 -0.345830 0.027815
31 -0.324987 0.036750
