32
0 0.000000 0.000000
1 -0.098094 0.027969
2 0.043009 0.024544
3 0.142769 0.037972
4 0.064194 0.021221
5 -0.111298 0.027848
6 0.051396 0.026060
7 0.030456 0.029807
8 -0.043052 0.024986
9 -0.186629 0.039057
10 -0.108760 0.035840
11 -0.091952 0.047146
12 -0.047244 0.020246
13 -1.115225 0.024695
14 -0.033879 0.024650
15 -0.246065 0.028274
16 0.000000 0.000000
17 0.080821 0.031245
18 -0.111250 0.028454
19 0.040222 0.047143
20 0.247934 0.019518
21 -0.504026 0.024328
22 -0.068360 0.026529
23 -0.193148 0.034423
24 0.149093 0.027465
25 -0.053620 0.046066
26 -0.028509 0.046904
27 -0.154622 0.084096
28 -0.106951 0.019968
29 -0.100522 0.023523
30 -0.298196 0.026943
31 -0.212899 0.034594
