32
0 0.000000 0.000000
1 -0.068741 0.029140
2 0.054513 0.027629
3 0.186869 0.039266
4 0.008425 0.023886
5 -0.124860 0.031618
6 0.052906 0.028663
7 0.010438 0.032095
8 -0.106058 0.027784
9 -0.090985 0.043499
10 -0.097709 0.038470
11 0.031032 0.047910
12 -0.106263 0.022461
13 -1.134328 0.026254
14 -0.067762 0.026335
15 -0.249005 0.029595
16 0.000000 0.000000
17 0.022601 0.027267
18 -0.093698 0.028470
19 0.010027 0.045790
20 0.207436 0.017161
21 -0.387203 0.021754
22 -0.080776 0.025536
23 -0.208262 0.035485
24 0.114865 0.024523
25 -0.051456 0.040703
26 0.021754 0.050190
27 -0.241180 0.076540
28 -0.148468 0.017770
29 -0.141453 0.021240
30 -0.310965 0.026145
31 -0.280914 0.034830
