32
0 0.000000 0.000000
1 -0.045805 0.017319
2 0.038000 0.017566
3 0.153366 0.024628
4 0.062486 0.014593
5 -0.118526 0.019475
6 0.059999 0.017842
7 0.038564 0.020154
8 -0.059609 0.016610
9 -0.160788 0.025755
10 -0.093747 0.023528
11 -0.079154 0.030390
12 -0.065987 0.013548
13 -1.134384 0.015987
14 -0.056247 0.016147
15 -0.229544 0.018305
16 0.000000 0.000000
17 -0.001994 0.015676
18 -0.078745 0.018101
19 -0.036319 0.030866
20 0.193568 0.011557
21 -0.073806 0.013998
22 -0.109813 0.017069
23 -0.229468 0.023490
24 0.066528 0.015562
25 -0.090565 0.024963
26 0.028465 0.032921
27 -0.276720 0.052836
28 -0.145927 0.011817
29 -0.145339 0.013904
30 -0.294480 0.017148
31 -0.333308 0.022822
