00 45.571736 5.950082
01 46.668075 5.712120
02 45.243191 5.363796
03 46.631506 5.326188
04 43.945444 4.897512
05 45.647410 4.944096
06 43.232426 5.053833
07 42.761858 5.345785
08 41.644766 4.550303
09 44.189425 4.893158
10 44.780979 5.017885
11 43.517196 4.994138
12 45.149987 4.994834
13 47.810104 5.350178
14 51.611970 6.028704
15 45.519904 5.196133
16 44.808998 5.414559
17 45.372130 6.248323
18 44.428551 5.294081
19 45.050350 5.261630
20 42.674282 5.636163
21 44.823351 5.517652
22 42.017011 5.364349
23 43.966304 4.933905
24 43.615055 5.152717
25 43.627705 5.034738
26 42.699342 5.125705
27 42.363907 5.503594
28 44.472914 5.579376
29 45.490750 4.916742
30 43.891827 5.291795
31 43.980059 5.510266
32 44.806733 5.386112
33 45.884233 5.480792
34 44.433729 4.858515
35 45.071587 5.292061
36 45.405966 5.460003
37 46.800052 6.005412
38 47.399404 5.550668
39 47.337408 5.376047
40 46.542626 5.254310
41 45.520337 5.419208
42 46.990447 5.518686
43 46.560625 5.033037
44 45.640509 5.405756
45 46.682948 5.284166
46 48.060054 5.728806
47 46.081712 5.555856
48 44.358153 5.337843
49 45.187585 5.974381
50 45.580460 5.980329
51 45.960073 5.324803
52 45.757741 5.396049
53 45.700430 5.933632
