00 45.337006 5.365080
01 44.903598 4.791556
02 44.965273 4.824095
03 44.418442 4.452361
04 44.658251 4.783208
05 44.083381 4.592978
06 44.071344 5.159127
07 43.166443 4.693552
08 45.137672 4.492738
09 45.126967 5.039177
10 44.999464 4.768699
11 44.515698 4.649801
12 44.662929 5.182897
13 43.426681 5.221055
14 44.849369 5.428945
15 45.040650 4.639833
16 43.493467 4.946675
17 44.611839 4.521714
18 43.909826 5.026676
19 44.447828 4.962959
20 43.629408 5.045871
21 43.770706 5.213886
22 43.542010 4.503663
23 44.904065 4.751823
24 44.289624 4.506452
25 43.889776 5.238699
26 43.801121 4.874863
27 44.046921 4.495399
28 45.372829 5.278613
29 38.714869 4.667448
30 45.325383 5.332019
31 44.325341 4.906565
32 44.910861 4.884114
33 44.707486 4.842718
34 46.081743 4.879202
35 44.119512 5.006966
36 44.523141 4.698255
37 44.415002 4.885521
38 45.780956 4.881160
39 45.253251 5.431762
40 45.280985 5.195912
41 44.998451 4.748941
42 32.144869 3.796494
43 31.553098 3.453963
44 31.594174 3.727853
45 30.823633 3.566297
46 31.358768 3.342699
47 31.599950 3.713789
48 30.853263 3.392693
49 31.173706 3.664726
50 31.137340 3.720299
51 31.369540 3.655091
52 31.549722 3.275993
53 31.571094 3.622349
54 32.234258 3.531951
55 32.072952 3.554930
56 32.536306 3.554596
57 32.286456 3.611110
