32
0 0.000000 0.000000
1 -0.024801 0.026341
2 0.095393 0.025587
3 0.211007 0.036247
4 0.106325 0.020725
5 -0.079081 0.024460
6 0.112326 0.023371
7 0.062095 0.025422
8 -0.022393 0.024299
9 -0.133202 0.037167
10 -0.052035 0.032234
11 0.025404 0.041028
12 -0.046114 0.020049
13 -0.370901 0.022250
14 -0.006914 0.022160
15 -0.184981 0.024020
16 0.000000 0.000000
17 -0.063144 0.023590
18 -0.132513 0.024168
19 -0.092265 0.040612
20 0.192316 0.014849
21 -0.169844 0.016944
22 -0.140051 0.019401
23 -0.220810 0.024927
24 0.065768 0.021905
25 -0.069723 0.035863
26 0.018200 0.042159
27 -0.287686 0.061800
28 -0.156995 0.014992
29 -0.151285 0.016874
30 -0.338503 0.019459
31 -0.356496 0.024595
