32
0 0.000000 0.000000
1 -0.011196 0.030677
2 0.041622 0.029775
3 0.153865 0.044164
4 0.038962 0.023379
5 -0.119727 0.027914
6 0.064286 0.026612
7 0.004407 0.029083
8 -0.022253 0.030162
9 -0.131825 0.045279
10 -0.086302 0.042401
11 -0.044884 0.052296
12 -1.106799 0.022754
13 -0.137497 0.025652
14 -0.071340 0.025597
15 -0.253674 0.027925
16 0.000000 0.000000
17 0.007593 0.027995
18 -0.122090 0.028039
19 -0.083020 0.048744
20 0.197563 0.018413
21 22.509356 0.041887
22 -0.105723 0.023821
23 -0.214173 0.030620
24 0.119068 0.027890
25 0.018963 0.045216
26 0.021102 0.051284
27 -0.361827 0.080314
28 -0.122715 0.018632
29 -0.136639 0.020860
30 -0.279286 0.024249
31 -0.326769 0.030730
