32
0 0.000000 0.000000
1 0.011192 0.021247
2 0.060089 0.021869
3 0.205353 0.030438
4 0.086106 0.017205
5 -0.084001 0.020737
6 0.111752 0.019572
7 0.053763 0.021408
8 -0.021419 0.020861
9 -0.149545 0.032285
10 -0.081175 0.028723
11 -0.081451 0.037311
12 -1.088380 0.016473
13 -0.077591 0.018193
14 -0.027908 0.018325
15 -0.207494 0.020015
16 0.000000 0.000000
17 0.008174 0.018940
18 -0.060919 0.020945
19 0.025480 0.036363
20 0.217437 0.012622
21 -0.147353 0.014561
22 -0.075531 0.017005
23 -0.199678 0.022474
24 0.120499 0.017536
25 -0.023120 0.029537
26 0.076499 0.040256
27 -0.284352 0.069377
28 -0.106874 0.012786
29 -0.127238 0.014373
30 -0.302906 0.017434
31 -0.287693 0.022542
