32
0 0.000000 0.000000
1 -0.035622 0.031189
2 0.015552 0.029187
3 0.135518 0.042407
4 0.044394 0.024145
5 -0.166804 0.031079
6 0.053216 0.029077
7 -0.015981 0.032693
8 -0.023787 0.029533
9 -0.138966 0.045576
10 -0.064408 0.042039
11 -0.079769 0.053840
12 -0.127243 0.023007
13 -0.450761 0.027294
14 -0.075270 0.027346
15 -0.258396 0.030810
16 0.000000 0.000000
17 -0.074451 0.033204
18 -0.058882 0.032155
19 -0.176980 0.055017
20 0.191948 0.019564
21 -0.460109 0.023798
22 -0.116026 0.027492
23 -0.228982 0.036715
24 0.034365 0.028347
25 -0.053994 0.046967
26 -0.016990 0.058185
27 -0.237126 0.088550
28 -0.118847 0.019981
29 -0.148355 0.023588
30 -0.329528 0.027808
31 -0.347177 0.036077
