32
0 0.000000 0.000000
1 -0.067552 0.017105
2 0.000247 0.016723
3 0.168322 0.023996
4 0.040881 0.013348
5 -0.141951 0.016339
6 0.057701 0.015457
7 -0.013770 0.016997
8 -0.051949 0.015907
9 -0.208414 0.025390
10 -0.097504 0.022186
11 -0.096143 0.029075
12 -1.146520 0.012661
13 -0.131174 0.014143
14 -0.084595 0.014226
15 -0.259256 0.015653
16 0.000000 0.000000
17 -0.017077 0.014781
18 -0.098330 0.016918
19 -0.039214 0.027481
20 0.194679 0.009917
21 -0.460351 0.011453
22 -0.115196 0.013396
23 -0.204956 0.017626
24 0.096259 0.014615
25 -0.033955 0.023298
26 0.040045 0.029964
27 -0.274609 0.047680
28 -0.132969 0.010046
29 -0.147390 0.011379
30 -0.286474 0.013475
31 -0.329694 0.017464
