32
0 0.000000 0.000000
1 0.011492 0.029183
2 -0.002897 0.028137
3 0.134808 0.040200
4 0.115304 0.021665
5 -0.156289 0.024942
6 0.107059 0.024202
7 0.052269 0.026288
8 -0.213304 0.026884
9 0.003939 0.039602
10 -0.048385 0.037189
11 0.054810 0.047332
12 -0.002594 0.021255
13 -1.050192 0.023538
14 -0.015047 0.023497
15 -0.198326 0.025446
16 0.000000 0.000000
17 0.521897 0.027113
18 0.239828 0.028636
19 0.289777 0.046782
20 0.713166 0.017977
21 0.045044 0.020492
22 0.300868 0.021920
23 0.226004 0.026863
24 0.416529 0.026066
25 0.488137 0.042607
26 0.262125 0.045570
27 0.065164 0.072675
28 0.281049 0.018259
29 0.331228 0.020257
30 0.106797 0.022114
31 0.055475 0.026422
