32
0 0.000000 0.000000
1 0.013152 0.019896
2 0.027293 0.019174
3 0.197025 0.028130
4 0.188428 0.015069
5 -0.105139 0.017834
6 0.131825 0.017171
7 0.083492 0.018877
8 -0.143915 0.019343
9 0.003072 0.029112
10 -0.041721 0.027295
11 0.095966 0.035124
12 0.038293 0.014695
13 -0.990683 0.016556
14 -0.002578 0.016550
15 -0.161329 0.018169
16 0.000000 0.000000
17 0.024878 0.018747
18 -0.053902 0.018041
19 -0.049093 0.030862
20 0.225987 0.011731
21 -0.211197 0.013447
22 -0.085704 0.015308
23 -0.210587 0.019802
24 0.133108 0.017847
25 -0.045524 0.029283
26 0.004791 0.033664
27 -0.277546 0.052300
28 -0.131786 0.011966
29 -0.142058 0.013567
30 -0.295650 0.015524
31 -0.321882 0.019526
