32
0 0.000000 0.000000
1 -0.002961 0.064861
2 0.095856 0.064237
3 0.131468 0.095284
4 0.186882 0.052915
5 -0.186791 0.060221
6 0.157770 0.058735
7 0.073846 0.063350
8 -0.234959 0.070182
9 0.005677 0.131293
10 -0.211648 0.101422
11 0.245437 0.184458
12 0.021146 0.051982
13 -1.026767 0.057205
14 0.011670 0.056848
15 -0.138753 0.061137
16 0.000000 0.000000
17 0.378141 0.063987
18 0.185202 0.069850
19 0.134672 0.110661
20 0.615954 0.046304
21 0.012806 0.050743
22 0.245792 0.053363
23 0.162903 0.062064
24 0.427809 0.080026
25 0.542124 0.157692
26 0.196371 0.153598
27 0.534907 0.414394
28 0.195064 0.047246
29 0.230237 0.051431
30 -0.006999 0.056395
31 -0.072934 0.065569
