32
0 0.000000 0.000000
1 0.022770 0.022208
2 0.011823 0.021942
3 0.187814 0.030981
4 0.183726 0.016811
5 -0.119673 0.019666
6 0.124913 0.018926
7 0.058618 0.020668
8 -0.173454 0.021060
9 -0.063800 0.032819
10 -0.044507 0.029594
11 0.068155 0.038074
12 0.014463 0.016460
13 -0.853160 0.018394
14 -0.004241 0.018338
15 -0.184316 0.020016
16 0.000000 0.000000
17 0.030291 0.020770
18 -0.061816 0.020966
19 -0.064076 0.034548
20 0.209867 0.013240
21 -0.401615 0.015129
22 -0.097717 0.016922
23 -0.249110 0.021376
24 0.134353 0.019908
25 -0.039336 0.030770
26 -0.023774 0.035821
27 -0.305728 0.054478
28 -0.159435 0.013431
29 -0.161153 0.015098
30 -0.330871 0.017090
31 -0.339675 0.021184
