32
0 0.000000 0.000000
1 0.003528 0.019732
2 -0.009178 0.020585
3 0.159083 0.028874
4 0.139274 0.015547
5 -0.146964 0.018419
6 0.120821 0.017703
7 0.050164 0.019465
8 -0.208202 0.019268
9 -0.064564 0.029297
10 -0.066119 0.027719
11 0.030557 0.036627
12 -0.013467 0.015122
13 -1.022032 0.016979
14 -0.029586 0.016988
15 -0.214288 0.018662
16 0.000000 0.000000
17 0.044176 0.018702
18 -0.086124 0.019886
19 0.003593 0.033641
20 0.219486 0.011888
21 -0.400375 0.013933
22 -0.104137 0.015765
23 -0.206353 0.020545
24 0.146827 0.017979
25 -0.052702 0.028680
26 0.045352 0.035070
27 -0.424579 0.053818
28 -0.144957 0.012101
29 -0.154673 0.013689
30 -0.318128 0.015922
31 -0.327832 0.020235
