32
0 0.000000 0.000000
1 0.009050 0.032445
2 0.047239 0.029776
3 0.159442 0.044609
4 0.128709 0.022510
5 -0.142436 0.026077
6 0.107749 0.025295
7 0.051807 0.027627
8 -0.158096 0.028114
9 -0.027293 0.044001
10 0.011248 0.040181
11 0.064815 0.052301
12 0.011620 0.022085
13 -1.020672 0.024647
14 -0.010412 0.024571
15 -0.169331 0.026776
16 0.000000 0.000000
17 0.497592 0.027626
18 0.212920 0.029114
19 0.307482 0.047082
20 0.678652 0.018602
21 -0.067819 0.021043
22 0.259976 0.022757
23 0.223174 0.028100
24 0.490124 0.029200
25 0.499051 0.048312
26 0.325596 0.048673
27 0.267547 0.074809
28 0.275887 0.018984
29 0.308958 0.021178
30 0.096171 0.023372
31 0.024759 0.028257
