32
0 0.000000 0.000000
1 0.073734 0.024349
2 0.049234 0.023851
3 0.180328 0.034120
4 0.201150 0.018258
5 -0.060700 0.021370
6 0.163608 0.020744
7 0.126127 0.022745
8 -0.128966 0.023201
9 0.020661 0.037274
10 -0.027058 0.032807
11 0.069319 0.042022
12 0.062819 0.017845
13 -0.786766 0.020109
14 0.050896 0.020064
15 -0.138148 0.021989
16 0.000000 0.000000
17 -0.001940 0.023750
18 -0.053226 0.023805
19 -0.111115 0.040264
20 0.184381 0.015300
21 -0.514487 0.017467
22 -0.128109 0.019429
23 -0.267340 0.024434
24 0.128764 0.021378
25 -0.014398 0.035325
26 -0.059345 0.040375
27 -0.253961 0.063409
28 -0.169911 0.015565
29 -0.166770 0.017375
30 -0.344350 0.019328
31 -0.370427 0.023753
