32
0 0.000000 0.000000
1 -0.001470 0.019719
2 -0.005116 0.019153
3 0.155469 0.027310
4 0.148720 0.015145
5 -0.140546 0.017720
6 0.090841 0.017091
7 0.053887 0.018671
8 -0.192642 0.018538
9 -0.082621 0.028503
10 -0.049944 0.025884
11 0.021083 0.033300
12 -0.004898 0.014779
13 -0.984249 0.016498
14 -0.033555 0.016456
15 -0.199098 0.017944
16 0.000000 0.000000
17 0.018718 0.017896
18 -0.036366 0.019179
19 -0.050053 0.031742
20 0.227136 0.011889
21 -0.188497 0.013642
22 -0.080810 0.015144
23 -0.219624 0.019191
24 0.135142 0.017331
25 -0.021046 0.027980
26 0.064840 0.033441
27 -0.243992 0.050390
28 -0.117474 0.012100
29 -0.126722 0.013556
30 -0.307372 0.015425
31 -0.322357 0.019142
