32
0 0.000000 0.000000
1 0.014777 0.015698
2 0.023766 0.015613
3 0.174178 0.022091
4 0.167650 0.012150
5 -0.098751 0.014228
6 0.127497 0.013723
7 0.083432 0.015012
8 -0.144088 0.015263
9 -0.035867 0.023342
10 -0.039489 0.021307
11 0.068079 0.027299
12 0.032178 0.011853
13 -0.994893 0.013212
14 -0.001362 0.013197
15 -0.171347 0.014408
16 0.000000 0.000000
17 0.027223 0.013739
18 -0.080572 0.015210
19 -0.042231 0.025134
20 0.218545 0.009177
21 -0.483255 0.010879
22 -0.091324 0.012031
23 -0.222923 0.015625
24 0.121157 0.013444
25 -0.039377 0.022002
26 0.028536 0.027068
27 -0.311870 0.042782
28 -0.131900 0.009357
29 -0.144941 0.010581
30 -0.298357 0.012172
31 -0.326458 0.015298
