32
0 0.000000 0.000000
1 0.056884 0.020564
2 0.038792 0.020993
3 0.172770 0.029742
4 0.185178 0.015940
5 -0.109553 0.018666
6 0.146262 0.017942
7 0.087480 0.019593
8 -0.144663 0.019675
9 -0.035343 0.030003
10 -0.021644 0.027045
11 0.111970 0.034117
12 0.033844 0.015562
13 -0.853821 0.017311
14 0.014450 0.017295
15 -0.158853 0.018856
16 0.000000 0.000000
17 0.034742 0.018064
18 -0.093220 0.019178
19 -0.057907 0.031576
20 0.199949 0.011689
21 -0.249752 0.013945
22 -0.113869 0.015242
23 -0.215737 0.019645
24 0.091253 0.017592
25 -0.043508 0.029047
26 -0.059228 0.033579
27 -0.347238 0.050011
28 -0.149676 0.011936
29 -0.154802 0.013520
30 -0.327711 0.015514
31 -0.330051 0.019467
