32
0 0.000000 0.000000
1 -0.006671 0.027931
2 0.034991 0.026329
3 0.145957 0.037329
4 0.145625 0.020605
5 -0.131777 0.024233
6 0.087086 0.023394
7 0.045247 0.025714
8 -0.177972 0.026300
9 -0.118388 0.042204
10 -0.108321 0.036900
11 0.019851 0.047776
12 -0.010529 0.020089
13 -0.894059 0.022542
14 -0.036655 0.022462
15 -0.219682 0.024547
16 0.000000 0.000000
17 0.009183 0.025348
18 -0.061206 0.024786
19 -0.125627 0.043204
20 0.171606 0.016141
21 -0.464624 0.019137
22 -0.161738 0.021618
23 -0.258503 0.027827
24 0.092080 0.024705
25 -0.041009 0.039555
26 0.040969 0.043087
27 -0.257111 0.066556
28 -0.175215 0.016423
29 -0.195926 0.018451
30 -0.359867 0.020939
31 -0.368205 0.026089
