32
0 607.241898 0 1
1 721.712243 0 1
2 754.982602 0 1
3 876.506140 0 1
4 573.534001 0 1
5 497.122949 0 1
6 790.410344 0 1
7 605.237564 0 1
8 680.938090 0 1
9 678.785806 0 1
10 764.342688 0 1
11 836.726005 0 1
12 823.577960 0 1
13 905.730226 0 1
14 731.929353 0 1
15 823.303973 0 1
16 787.396517 0 1
17 832.211882 0 1
18 661.520011 0 1
19 626.883188 0 1
20 789.575410 0 1
21 542.275809 0 1
22 534.903936 0 1
23 567.548280 0 1
24 706.820515 0 1
25 689.866981 0 1
26 448.172293 0 1
27 385.931022 0 1
28 788.537985 0 1
29 873.531025 0 1
30 623.360643 0 1
31 623.214789 0 1
