32
0 669.985781 0 1
1 790.253714 0 1
2 808.474248 0 1
3 962.134466 0 1
4 654.190690 0 1
5 562.045602 0 1
6 865.378830 0 1
7 655.720098 0 1
8 730.705597 0 1
9 773.226900 0 1
10 841.359655 0 1
11 972.816050 0 1
12 903.432110 0 1
13 1028.487537 0 1
14 804.532559 0 1
15 851.626042 0 1
16 866.466822 0 1
17 921.194047 0 1
18 757.710254 0 1
19 692.779457 0 1
20 887.653849 0 1
21 714.595325 0 1
22 601.601378 0 1
23 629.051027 0 1
24 810.396264 0 1
25 729.994149 0 1
26 524.943314 0 1
27 446.672354 0 1
28 881.556908 0 1
29 966.052238 0 1
30 698.446972 0 1
31 687.532483 0 1
