32
0 628.412416 0 1
1 739.058715 0 1
2 766.315562 0 1
3 798.457450 0 1
4 585.981669 0 1
5 497.981426 0 1
6 808.204590 0 1
7 596.232779 0 1
8 672.588091 0 1
9 676.700070 0 1
10 797.142754 0 1
11 869.986874 0 1
12 836.900133 0 1
13 956.400561 0 1
14 738.304962 0 1
15 798.270462 0 1
16 780.357746 0 1
17 823.489532 0 1
18 653.964976 0 1
19 628.872986 0 1
20 801.542500 0 1
21 554.637619 0 1
22 542.199205 0 1
23 577.477584 0 1
24 763.351067 0 1
25 644.606493 0 1
26 456.183511 0 1
27 385.288773 0 1
28 789.626290 0 1
29 883.188042 0 1
30 649.865062 0 1
31 626.167665 0 1
