32
0 626.004984 0 1
1 737.797779 0 1
2 770.209210 0 1
3 917.974025 0 1
4 603.434149 0 1
5 512.211238 0 1
6 806.842697 0 1
7 615.712029 0 1
8 692.075059 0 1
9 715.523010 0 1
10 820.952726 0 1
11 880.679216 0 1
12 849.312738 0 1
13 984.548499 0 1
14 756.485512 0 1
15 798.559662 0 1
16 801.484988 0 1
17 868.980918 0 1
18 691.920139 0 1
19 613.974611 0 1
20 814.252098 0 1
21 512.862075 0 1
22 557.672189 0 1
23 579.680185 0 1
24 733.909141 0 1
25 694.854510 0 1
26 455.722754 0 1
27 415.474064 0 1
28 810.593719 0 1
29 884.900970 0 1
30 652.070792 0 1
31 636.557108 0 1
