32
0 676.460156 0 1
1 797.166353 0 1
2 805.519000 0 1
3 939.741191 0 1
4 649.091046 0 1
5 565.823909 0 1
6 854.066945 0 1
7 651.459701 0 1
8 745.035897 0 1
9 754.579435 0 1
10 828.419558 0 1
11 947.535748 0 1
12 908.946428 0 1
13 1018.830551 0 1
14 796.557897 0 1
15 844.998011 0 1
16 875.148169 0 1
17 881.571746 0 1
18 726.152623 0 1
19 683.844749 0 1
20 874.451577 0 1
21 651.664408 0 1
22 590.771013 0 1
23 619.801562 0 1
24 817.398346 0 1
25 679.244187 0 1
26 538.646797 0 1
27 426.914113 0 1
28 869.880712 0 1
29 943.036701 0 1
30 693.650209 0 1
31 676.882650 0 1
