32
0 671.088745 0 1
1 759.336739 0 1
2 794.671699 0 1
3 916.923200 0 1
4 632.318477 0 1
5 554.926808 0 1
6 846.976305 0 1
7 642.128830 0 1
8 684.191768 0 1
9 759.430791 0 1
10 788.697701 0 1
11 938.497936 0 1
12 892.090925 0 1
13 1001.527789 0 1
14 782.771906 0 1
15 836.587553 0 1
16 840.367882 0 1
17 864.210264 0 1
18 710.302792 0 1
19 649.284647 0 1
20 863.642446 0 1
21 471.591196 0 1
22 577.923763 0 1
23 593.029182 0 1
24 740.879679 0 1
25 760.942853 0 1
26 501.023670 0 1
27 436.567064 0 1
28 836.146427 0 1
29 922.888936 0 1
30 688.981379 0 1
31 654.190441 0 1
