32
0 660.052054 0 1
1 765.201284 0 1
2 780.959942 0 1
3 928.274683 0 1
4 624.889350 0 1
5 528.749876 0 1
6 828.765721 0 1
7 633.199328 0 1
8 731.472121 0 1
9 769.485588 0 1
10 805.103306 0 1
11 925.833849 0 1
12 879.901683 0 1
13 972.519777 0 1
14 766.072196 0 1
15 814.255648 0 1
16 830.057650 0 1
17 867.922121 0 1
18 726.055463 0 1
19 637.556458 0 1
20 837.756908 0 1
21 562.063659 0 1
22 561.141473 0 1
23 603.950739 0 1
24 731.943136 0 1
25 695.921681 0 1
26 469.755530 0 1
27 418.393935 0 1
28 823.744051 0 1
29 906.183318 0 1
30 664.966481 0 1
31 643.337811 0 1
